0
0
0
0
0
0
0
0
0
0
0
0
0
0
0
0
0
0
0
0
0
0
0
0
0
0
0
0
0
0
0
0
0
0
0
0
0
0
0
0
0
0
0
0
0
0
0
0
0
0
0
0
0
0
0
0
0
0
0
0
0
0
0
0
0
0
0
0
0
0
0
0
0
0
0
0
0
0
0
0
0
0
0
0
0
0
0
0
0
0
0
0
0
0
0
0
0
0
0
0
0
0
0
0
0
0
0
0
0
0
0
0
0
0
0
0
0
0
0
0
0
0
0
0
0
0
0
0
0
0
0
0
0
0
0
0
0
0
0
0
0
0
0
0
0
0
0
0
0
0
0
0
0
0
0
0
0
0
0
0
0
0
0
0
0
0
0
0
0
0
0
0
0
0
0
0
0
0
0
0
0
0
0
0
0
0
0
0
0
0
0
0
0
0
0
0
0
0
0
0
0
0
0
0
0
0
0
0
0
0
0
0
0
0
0
0
0
0
0
0
0
0
0
0
0
0
0
0
0
0
0
0
0
0
0
0
0
0
0
0
0
0
0
0
0
0
0
0
0
0
0
0
0
0
0
0
0
0
0
0
0
0
0
0
0
0
0
0
0
0
0
0
0
0
0
0
0
0
0
0
0
0
0
0
0
0
0
0
0
0
0
0
0
0
0
0
0
0
0
0
0
0
0
0
0
0
0
0
0
0
0
0
0
0
0
0
0
0
0
0
0
0
0
0
0
0
0
0
0
0
0
0
0
0
0
0
0
0
0
0
0
0
0
0
0
0
0
0
0
0
0
0
0
0
0
0
0
0
0
0
0
0
0
0
0
0
0
0
0
0
0
0
0
0
0
0
0
0
0
0
0
0
0
0
0
0
0
0
0
0
0
0
0
0
0
0
0
0
0
0
0
0
0
0
0
0
0
0
0
0
0
0
0
0
0
0
0
0
0
0
0
0
0
0
0
0
0
0
0
0
0
0
0
0
0
0
0
0
0
0
0
0
0
0
0
0
0
0
0
0
0
0
0
0
0
0
0
0
0
0
0
0
0
0
0
0
0
0
0
0
0
0
0
502
504
506
507
508
508
508
509
510
510
511
511
511
512
513
513
514
514
515
515
515
534
970
971
971
972
972
972
972
972
972
972
972
972
972
972
972
972
972
972
972
972
972
972
972
972
972
972
972
972
972
972
972
972
972
972
972
972
972
972
972
972
972
972
972
972
972
972
972
972
972
972
972
972
972
972
972
972
972
973
973
973
973
973
973
973
973
973
973
973
973
973
973
973
973
973
973
973
973
973
973
973
973
973
973
973
973
973
973
973
973
973
973
973
973
973
973
973
973
973
973
973
973
973
973
973
973
973
973
973
973
973
973
973
973
973
973
973
973
973
973
973
973
973
973
973
973
973
973
973
973
973
973
973
973
973
973
973
973
973
973
973
973
973
973
973
973
973
973
973
973
973
973
973
973
973
973
973
973
973
973
973
973
973
973
973
973
973
973
973
973
973
973
973
973
973
973
973
973
973
973
973
973
973
973
973
973
973
973
973
973
973
973
973
973
973
973
973
973
973
973
973
973
973
973
973
973
973
973
973
973
973
973
973
973
973
973
973
973
973
973
973
973
973
973
973
973
973
973
973
973
973
973
973
973
973
973
973
973
973
973
973
973
973
973
973
973
973
973
973
973
973
973
973
973
973
973
973
973
973
973
973
973
973
973
974
974
974
974
974
974
974
974
974
974
974
974
974
974
974
974
974
974
974
974
974
974
974
974
974
974
974
974
974
975
975
975
975
975
975
976
976
976
976
976
979
980
981
982
983
983
983
983
984
984
984
984
985
986
986
987
987
988
988
988
988
988
988
990
990
990
990
990
990
991
991
991
991
991
992
992
992
992
993
994
994
995
995
996
996
997
997
997
997
998
999
999
999
999
1000
1001
1001
1001
1001
1001
1001
1001
1001
1001
1001
1002
1002
1002
1002
1002
1002
1002
1002
1002
1002
1002
1002
1002
1002
1002
1002
1002
1002
1002
1002
1002
1002
1002
1002
1002
1002
1002
1002
1002
1002
1002
1002
1002
1002
1002
1002
1002
1002
1002
1003
1003
1003
1003
1003
1003
1003
1003
1003
1005
1006
1006
1008
1009
1009
1009
1010
1010
1011
1011
1013
1013
1019
1020
1023
1061
1068
1069
1100
1104
1164
1168
1236
1240
1243
1244
1267
1269
1279
1287
1310
1316
1342
1351
1365
1370
1370
1389
1425
1473
1501
1501
1502
1502
1502
1502
1502
1502
1502
1502
1502
1502
1502
1502
1502
1502
1502
1502
1502
1502
1502
1502
1502
1502
1503
1503
1503
1503
1503
1503
1503
1503
1503
1503
1503
1504
1504
1505
1508
1510
1511
1520
1525
1526
1534
1595
1945
2510